-1741.20802
-4332.25056
-15513.36732
-30931.40795
-1426.80930
-17100.85582
-3454.05839
-1696.96745
-2504.24312
-2390.42871
-19473.46332
-3478.00180
-5127.62041
-6230.77211
-16339.65734
-7928.24904
-1110.20612
-3830.96195
-3011.98744
-4619.25388
-13106.40795
-4443.32998
-1827.86728
-7153.78224
-21353.35704
-3396.34191
-5109.79004
-2247.50065
-2610.58613
-6824.50988
-3513.33128
-686.38342
-4718.59730
-9815.80860
-4247.49390
-1874.39113
-13176.65307
-6887.95860
-36574.65857
-4200.56577
-11382.56954
-1470.74595
-7531.19788
-3091.85004
-10475.94404
-8964.87672
-3620.41553
-841.54652
-1975.88821
-2981.75868
-2114.72315
-13945.98821
-3075.35176
-825.30187
-18034.02640
-5541.53423
-9815.63156
-1005.46113
-5021.26281
-26742.65331
-14364.71686
-9585.62323
-6300.14758
-9457.39533
-17748.49857
-8998.79496
-2356.71078
-5686.54046
-8755.80049
-1163.15446
-1093.12123
-568.72623
-2761.52488
-2788.58827
-6526.82628
-24186.33412
-6683.54793
-11095.38593
-2534.45220
-4054.26210
-1327.27315
-5114.38868
-7889.00918
-1816.49902
-3932.61637
-266.45937
-466.70819
-15965.71959
-3927.96575
-9963.76507
-8795.37227
-858.71148
-3955.00312
-4631.63420
-2036.18353
-764.14588
-5174.07820
-1538.30576
-1519.93179
-5558.23693
-4784.79627
-3519.89158
-11765.01736
-1700.91242
-7517.37378
-4486.69958
-1189.27970
-974.96003
-3196.28783
-3617.11074
-2695.49452
-2312.40834
-1629.91421
-3706.73555
-6709.71913
-1624.44031
-17926.54371
-891.14219
-9891.71928
-4899.70366
-3189.14701
-1328.38980
-961.60939
-23274.31444
-875.65269
-6819.84018
-7025.83999
-804.06740
-6357.32371
-2837.73818
-3785.32247
-1562.48394
-6187.75515
-3771.04647
-15910.37582
-12309.43126
-2682.42203
-1661.21610
-3343.10770
-3034.93303
-1104.59082
-1921.59640
-4266.75857
-19856.20550
-1302.88921
-922.03772
-2801.10526
-13345.53817
-1972.79374
-1441.29256
-2833.58087
-2050.72794
-1435.31198
-3394.40769
-538.00835
-3383.36869
-2224.61826
-3774.45085
-14725.50239
-129698.39571
-13179.74964
-6846.17705
-4350.21467
-3738.77677
-6081.33731
-24202.54241
-23085.20701
-12826.83390
-9462.25428
-10921.47971
-17439.91633
-33648.66472
-3660.97290
-13973.19513
-9792.42797
-20618.14384
-2819.42967
-27765.57348
-13465.16142
-15661.75297
-8680.58362
-12038.33971
-9453.12608
-8339.34548
-8386.24650
-18408.02208
-6729.18786
-22832.73419
-9772.38112
-5424.54369
-15498.55633
-4711.54123
-13603.43291
-4411.32038
-7140.23137
-4846.48643
-2743.09353
-7038.00638
-6088.48450
-17962.84283
-13954.19053
-8476.62127
-12420.48846
-10273.58336
-7893.94670
-17692.99661
-17893.02679
-7670.41662
-4556.55616
-8092.68241
-10315.36739
-5733.31480
-6067.94377
-2893.06783
-2182.83659
-6342.59057
-9393.71642
-6637.50475
-6963.92246
-3413.62215
-1224.60549
-2728.76247
-2708.67718
-9224.20842
-2886.76057
-9664.60366
-10295.41015
-8664.63921
-10431.20890
-32603.94855
-19637.48521
-1864.02589
-6067.40017
-4847.53919
-8094.03611
-6233.41652
-2739.51593
-4444.13908
-3090.69270
-5883.72730
-6366.01534
-4243.07460
-7591.07580
-4834.72033
-12411.34432
-4772.10829
-10220.70177
-36438.55252
-6896.78448
-841.02863
-1502.25878
-7161.07949
-4279.66378
-3169.46536
-10747.24427
-1562.47312
-1542.81880
-6528.25707
-4120.12611
-2884.94359
-9455.86852
-29554.83605
-23929.34693
-11863.76183
-6781.97993
-2515.29241
-9295.63073
-17719.27938
-4414.65433
-6477.40085
-7892.54636
-11806.11720
-9539.11383
-17566.61572
-18846.11791
-213.19930
-8100.70173
-4995.96996
-3569.91353
-8413.64403
-46554.36943
-11038.83022
-5340.53351
-22869.69174
-1845.95687
-4419.12091
-2752.39590
-3553.43875
-618.85137
-188.75711
-5301.83009
-2074.40268
-15406.08882
-3147.13362
-7355.54940
-195.18020
-3006.77752
-9033.60598
-9569.96982
-2044.12962
-3897.13428
-6878.17066
-9788.41597
-9245.70086
-16921.25759
-5334.70371
-11024.57553
-45565.26571
-6841.57789
-7746.14393
-3303.04238
-5117.58198
-1275.69947
-21953.76591
-7726.43468
-5870.34152
-4744.55902
-22609.47006
-8093.56154
-19238.59430
-6266.14200
-11119.83561
-13165.11858
-918.56799
-9954.93185
-1445.08969
-9843.23923
-24565.74923
-3994.34732
-3152.72225
-18630.27760
-9792.89613
-7851.14839
-5130.68547
-8565.82963
-2789.45564
-16290.07240
-9321.07542
-3440.46203
-11978.16330
-4005.34498
-589.92385
-21074.01177
-6626.84538
-7163.04596
-12570.94501
-6187.70506
-3377.22871
-40301.15244
-7906.43215
-4463.56631
-4476.42689
-7298.26888
-9291.75970
-4944.99671
-5642.18139
-15755.22337
-3868.72779
-12846.74749
-16472.38269
-6394.26833
-3558.62545
-5583.56474
-3531.01134
-6431.34232
-1795.11096
-6873.40313
-17507.75743
-21053.96955
-8482.56473
-21792.03316
-25631.47771
-8218.27180
-2335.64315
-22391.74542
-22359.33768
-1100.42332
-2106.66957
-11775.58381
-11176.93216
-12979.47950
-2810.10950
-29651.73499
-6174.78863
-6796.41024
-5906.90564
-14615.98768
-5355.88531
-7943.17653
-15131.39758
-4153.19327
-14748.09793
-12398.15780
-51709.84825
-24410.78725
-19756.76289
-6360.13969
-1482.65537
-12881.54778
-16175.48952
-1872.05582
-4009.46102
-4543.33981
-51236.22462
-7191.19600
-5557.19602
-6549.17242
-11647.19653
-15588.32112
-9395.70085
-17650.08398
-20006.71668
-1016.17072
-17850.61452
-15994.21932
-3266.14550
-7679.11128
-15309.93850
-6198.43762
-6923.80509
-7175.97859
-3133.82086
-2622.33996
-4757.93903
-6330.13995
-7941.49048
-3979.53596
-5379.20781
-873.54688
-7111.27844
-3210.83384
-5510.89044
-7225.85582
-7740.24082
-5357.75944
-1464.37106
-1129.97981
-943.99096
-5250.00851
-3782.73806
-675.77593
-2160.41010
-1160.61377
-6190.10413
-1522.60275
-3732.74013
-6521.10337
-2875.41175
-891.60171
-3384.91969
-1883.03876
-4499.22544
-933.75852
-5585.02316
-3690.94885
-3413.50944
-713.65578
-534.84408
-559.83760
-4513.16343
-5125.95376
-1332.14616
-72785.44995
-1044.16604
-3069.88802
-3043.89783
-1370.71694
-834.65531
-1935.33960
-13284.93301
-5688.40782
-924.20071
-829.76834
-1788.82073
-1914.67238
-789.05838
-7834.76157
-740.30919
-3975.51375
-888.75393
-3232.06346
-730.53886
-462.00069
-3702.17800
-6142.45805
-4314.46806
-1869.08043
-2270.65949
-4371.16777
-6354.55645
-4784.90985
-1520.54584
-17758.55664
-4103.76039
-807.17057
-383.46184
-417.65113
-12970.30677
-13160.05574
-10160.35754
-6460.11479
-633.10895
-1519.21009
-581.54863
-17551.11345
-11963.41161
-1616.73295
-1496.37117
-2105.10543
-342.07214
-10353.78799
-177.21519
-6527.88761
-6181.84415
-4901.04324
-993.33664
-1576.71096
-853.79470
-948.38597
-924.91618
-8470.30136
-5093.18729
-631.65891
-7154.04188
-4915.52058
-3870.49680
-1654.59698
-7604.77945
-1805.94046
-2078.70403
-187.81359
-3855.39227
-2718.64133
-2028.06592
-1092.96907
-645.94941
-2395.32771
-1647.70187
-5386.21840
-6058.51796
-9397.08659
-299.95803
-2058.39564
-1457.24607
-5797.90691
-10939.34804
-162.56567
-451.35642
-857.90951
-146.80667
-5510.00320
-7590.78488
-1821.13145
-4098.04937
-3832.39438
-4277.68216
-2368.39681
-5480.54566
-526.19889
-837.51619
-4026.42528
-2614.34542
-1074.66220
-1108.91999
-799.50992
-4772.36080
-605.38586
-1573.27092
-451.78246
-2898.54119
-7364.61924
-425.94178
-1721.21703
-499.99537
-3762.04759
-520.62838
-1922.18728
-1048.28481
-4626.38147
-539.05602
-3935.90976
-1293.08728
-526.00914
-687.80203
-1297.43434
-1253.91495
-833.58801
-17341.78287
-24603.90759
-2127.09052
-622.78465
-534.69054
-9365.50723
-3728.32528
-739.23832
-12068.56780
-4786.42050
-4847.66283
-2747.90055
-450.60382
-12849.04891
-1574.12503
-4801.11885
-2425.76524
-449.89280
-9258.20497
-543.64388
-4565.78667
-7898.16192
-1298.73268
-3937.67997
-6453.79289
-9936.92779
-555.00314
-1548.18439
-3215.43559
-3372.78630
-3212.63927
-800.23875
-8563.75242
-14070.19159
-4052.23495
-9116.02064
-7557.77714
-2980.13301
-13226.36085
-10789.84970
-12322.31014
-9854.70924
-6441.96494
-23373.47937
-4985.87218
-7400.31716
-17819.68235
-4354.92407
-8046.49937
-5897.33071
-8218.70214
-4713.01189
-4607.83874
-4299.04025
-5866.19262
-4632.86159
-3079.19525
-3066.77935
-6366.36251
-3236.54175
-20589.64205
-16967.25876
-21125.57130
-19326.65193
-12333.54505
-17972.32915
-14470.20393
-35699.70001
-4284.91238
-5045.61247
-22988.00855
-22154.73877
-18911.28253
-8839.64865
-4529.45965
-3662.57539
-7990.56867
-8022.52784
-4118.12242
-7241.06840
-6320.21098
-5566.63533
-9386.09032
-11445.35386
-1531.18174
-9245.62427
-18084.14243
-8820.82598
-7768.25029
-28410.91239
-21150.53033
-5193.22534
-8888.92021
-8199.70452
-12737.72469
-11170.77535
-8430.27307
-8649.93418
-3345.12513
-9562.64755
-2597.27384
-23196.52130
-6109.70220
-10439.19927
-3508.74748
-17189.06360
-5497.44458
-18417.60348
-13739.67250
-7882.51854
-18418.52424
-1451.00606
-19735.89758
-14791.74284
-12591.28579
-7075.76474
-6316.50803
-7263.84960
-1497.27670
-11111.09442
-48188.77936
-57206.56339
-43712.72755
-4618.50954
-2696.75456
-8430.41244
-2381.53744
-2783.24788
-3435.42882
-2863.98324
-2489.60182
-1955.26569
-2460.00839
-2833.28110
-2217.30514
-1355.43596
-3241.56963
-3972.55608
-5523.78791
-5739.63424
-3371.60783
-2118.97627
-271.04346
-640.11915
-1963.85448
-2658.97327
-2321.93415
-2621.47547
-2940.94945
-2997.15129
-3129.19600
-2798.50382
-2677.58145
-376.70836
-2621.30177
-809.26650
-2432.28470
-3123.47460
-1642.68392
-2005.76795
-1872.50418
-2599.40663
-2217.42275
-463.09292
-1600.11659
-1074.38888
-664.99564
-963.47360
-923.67611
-2164.20656
-805.85647
-3189.57058
-3208.15003
-6519.30003
-3606.88438
-1638.06840
-1592.23134
-1781.32770
-2102.62815
-2341.14592
-548.98902
-3270.04212
-7068.94038
-2728.97279
-2909.04847
-2790.44400
-1790.63443
-1602.34094
-5824.49630
-1000.08469
-1879.96851
-2259.31584
-2246.82927
-1659.42595
-2620.37850
-3258.07591
-2616.52998
-728.57710
-5029.24585
-4860.48727
-871.56455
-2638.04120
-857.38685
-3961.98985
-1239.88242
-5519.96103
-6495.72492
-8931.51195
-9550.46669
-2967.23005
-3453.30894
-4843.63809
-2976.56420
-2491.73939
-5988.59418
-1847.25013
-2324.66822
-25363.52024
-2198.30749
-2029.20609
-4109.66213
-7805.35958
-6109.36436
-11161.17562
-7748.94956
-20013.93423
-893.77134
-4311.51721
-11486.12324
-2323.41402
-8907.95513
-1873.66789
-2437.59843
-7933.45047
-11066.30309
-9113.42437
-6365.73785
-5827.89776
-6050.79228
-4409.02926
-8607.10322
-6874.71755
-5970.37181
-4085.91684
-11408.20619
-4630.10385
-11446.48784
-7399.38654
-3002.38317
-2744.52942
-4233.58763
-3792.46670
-10723.62320
-2581.21428
-975.15247
-2597.34787
-2141.27235
-1797.41493
-6730.78533
-7118.68853
-9489.28442
-6412.11792
-9003.84215
-2522.95320
-4983.01803
-1634.74178
-14722.22642
-12002.93445
-5212.44532
-2140.91072
-2625.68145
-7126.94934
-4386.95683
-22136.03595
-9398.69081
-16769.79511
-34560.80594
-2990.58511
-6295.89393
-5208.88217
-515.03206
-16498.96042
-22793.00944
-4403.34443
-16327.55936
-2411.17532
-5531.39564
-3983.62905
-4224.97198
-4429.92767
-24315.00425
-5617.17261
-23488.75579
-12653.57319
-4980.74519
-2948.44792
-16560.12844
-16006.36915
-3052.79696
-3249.55097
-1318.39204
-1808.68013
-7946.05290
-5269.17646
-5615.57299
-16317.09773
-6129.93616
-2926.46220
-4574.76373
-5843.94956
-2215.76773
-1984.84589
-16070.00169
-14317.60561
-11994.89134
-20032.26738
-1181.14608
-2293.48825
-2690.89527
-32684.10770
-1870.35051
-4555.59144
-7667.17417
-3858.31669
-2606.43172
-4714.76904
-3635.57958
-7207.86445
-6381.11357
-102290.88465
-9526.39946
-16975.50169
-18879.96942
-36238.84468
-10355.13731
-28572.27617
-18985.04969
-37580.39636
-29131.32392
-8198.80054
-5395.64615
-26783.40219
-9963.60773
-10009.90453
-6560.92763
-13916.02324
-14130.98142
-8652.89610
-19888.21507
-9305.09181
-12228.51955
-8421.01968
-7534.73113
-2747.19713
-7009.26384
-7926.34134
-5001.58564
-5311.30974
-6557.06812
-8878.84593
-16129.90009
-4929.17197
-3653.69777
-39538.52753
-12776.56931
-10744.80947
-14301.37587
-9548.13479
-8533.02536
-11505.67787
-5235.04128
-4338.87244
-7724.80549
-13784.64010
-7957.55375
-16239.62895
-10466.09639
-8275.58780
-3586.67531
-6470.72887
-3690.60271
-11475.59634
-7139.64768
-23143.47048
-6724.04544
-15349.05737
-18474.94055
-13746.78211
-8325.56083
-5683.66883
-2935.63824
-49577.34229
-7359.51614
-6125.69296
-17153.54446
-6275.61091
-4545.82542
-4622.39700
-6073.62131
-9418.34653
-1762.41090
-29202.20611
-5379.79253
-9407.96892
-2496.96405
-3155.66132
-5433.48797
-28476.69534
-12665.66046
-11470.11213
-20476.48763
-20584.24690
-4742.92643
-5648.85656
-7123.29988
-70889.52072
-7603.37611
-7248.94525
-2361.82196
-4596.66614
-4010.11089
-5884.77086
-2498.53037
-14704.07214
-6535.06306
-3543.15907
-8379.60677
-78860.97442
-2520.25179
-8844.51481
-11127.67275
-21572.99375
-1915.79026
-11044.55769
-33154.96822
-9070.34175
-5717.53443
-15166.66047
-4804.61430
-9055.77656
-8682.08508
-5383.72234
-6048.63333
-1938.82251
-4056.09508
-6452.55824
-8165.14130
-2156.79392
-77394.25881
-11516.17298
-6486.69640
-3892.75832
-2874.71101
-15824.47183
-5230.64099
-3782.61658
-20440.10231
-3871.64638
-12790.88479
-2057.27163
-31558.34212
-3872.86295
-12894.57985
-20116.38695
-17969.92266
-5347.79266
-6997.52702
-3904.73300
-5647.03339
-3477.19943
-3515.15645
-13782.07384
-88278.48530
-1900.62191
-12276.80431
-19033.86603
-5771.96257
-4092.86445
-3864.14179
-9679.77013
-35074.22795
-4453.71479
-3100.28894
-5867.01258
-11496.37725
-12347.98600
-12140.56907
-8608.56185
-13896.67868
-46408.97571
-63381.82222
-23061.57953
-10833.41117
-12608.45803
-19936.47641
-22846.38832
-27195.35145
-5946.99652
-12289.31717
-16235.31387
-12866.75071
-989.66339
-12907.59806
-2181.26950
-23491.70370
-2674.43413
-11547.64731
-17752.20395
-18183.97831
-10289.62369
-12671.47884
-3383.18163
-19460.50058
-20862.10255
-15442.28123
-14774.29663
-10573.42247
-14996.66198
-1954.54840
-3062.12127
-23217.54494
-3263.66576
-3782.75425
-11614.71747
-8813.81744
-10304.07969
-12212.33874
-5223.22499
-5216.46611
-2251.66969
-74165.20777
-16640.01652
-9387.44148
-3668.13272
-4966.16781
-8555.17422
-2490.86389
-2898.37993
-2265.92515
-24324.75846
-623.24641
-2722.28627
-7700.32015
-4707.82350
-8987.57232
-16888.43535
-9282.27382
-5436.57656
-28729.57120
-43944.09282
-27339.28368
-4821.24259
-14157.65692
-5161.91649
