p3	MCM	MedLDA-OVA	MedLDA-MTL	DSLDA-OSST	DSLDA-NSLT	DSLDA	NPDSLDA
0.1	0	2.5772725208	0.8309691709	1.2444091466	2.379584296	0.3420631884	2.8523541571
0.2	0	1.5144375306	1.2049853211	3.6935185684	1.0488469911	1.0499289388	2.187222875
0.3	0	3.2463218331	1.8836933941	1.7208295653	2.4113723575	3.2040584911	2.0845433232
0.4	0	2.1313023552	0.9219526408	0.7392652805	2.8448631217	0.1168811102	0.9263775468
0.5	0	1.4029084143	3.3772351708	3.6195238747	0.8869869361	3.7154165579	1.9555909757
0.6	0	3.756006248	0.7790571583	3.9189935134	0.4696706034	2.9213234514	2.4962403527
0.7	0	3.503771246	0.9036871239	1.7554798925	1.1867034929	1.9544358952	2.3165421635
0.8	0	2.2006253716	0.6828321886	0.4444768938	1.2751132077	2.3141002441	1.5820608627
0.9	0	2.489900344	0.9106571913	1.0322587836	1.6966670389	0.9491343191	1.4697465942
1	0	2.3481788181	1.7427947364	1.6348793845	2.0314331386	1.8353953127	2.9519280126

