p3	MCM	MedLDA-OVA	MedLDA-MTL	DSLDA-OSST	DSLDA-NSLT	DSLDA	NPDSLDA
0.1	0	0.4270474464	0.1221637852	0.7316898777	0.2384754703	2.6384210116	0.6935544525
0.2	0	2.6150293947	2.9762970415	0.9597280423	2.7278876166	2.07437977	1.5637512093
0.3	0	1.9766957466	2.0000897424	3.5460477323	0.16972455	1.8918982191	2.3255189714
0.4	0	3.1162068929	1.9196885646	0.1146966099	0.2857818584	2.5959659708	2.2134575664
0.5	0	2.8601483136	3.6188889523	1.959605554	2.0865993699	1.2013223014	0.2418847167
0.6	0	3.6148822422	2.4394665937	0.6717085827	0.3869201031	1.8151908349	1.5970310825
0.7	0	3.5636900173	2.4706655584	3.9147225986	3.2725942154	1.7295660151	2.107503322
0.8	0	1.3366522109	3.4377692226	2.8507778867	3.2701883683	1.3012551816	1.6671978717
0.9	0	2.7949833293	3.2219576981	2.0018864966	2.8897583695	0.3338792594	2.6274395639
1	0	0.7912393067	2.3068860625	1.8843534982	0.5994617699	0.5326840304	2.5118934368

