p3	MCM	MedLDA-OVA	MedLDA-MTL	DSLDA-OSST	DSLDA-NSLT	DSLDA	NPDSLDA
0.1	23.32	28.45	48.6166007905	46.7588932806	45.8498023715	55.7075098814	53.2
0.2	23.32	38.94	50.5928853755	52.9644268775	51.9407114625	56.9169960474	54.38
0.3	23.32	42.29	55.3359683794	53.3596837945	50.1976284585	59.6837944664	54.73
0.4	23.32	47.035	52.5691699605	58.4980237154	52.8932806324	61.6600790514	58.54
0.5	23.32	48.61	56.9169960474	56.5217391304	53.0355731225	61.6600790514	60.92
0.6	23.32	49.72	57.3122529644	57.7075098814	51.8972332016	62.8458498024	61.26
0.7	23.32	51.03	53.3596837945	59.2885375494	54.5454545455	63.2411067194	61.04
0.8	23.32	50.98	60.0790513834	63.2411067194	55.9486166008	66.0079051383	64.8
0.9	23.32	56.52	62.0553359684	59.6837944664	55.0830039526	66.0079051383	64.37
1	23.32	60.84	60.8695652174	60.4743083004	56.14	69.1699604743	66.12

