p3	MCM	MedLDA-OVA	MedLDA-MTL	DSLDA-OSST	DSLDA-NSLT	DSLDA	NPDSLDA
0.1	23.32	25.19	37.5494071146	35.1778656126	33.9920948617	40.7114624506	39.68
0.2	23.32	26.87	44.6640316206	47.8260869565	45.4545454545	48.2213438735	49.31
0.3	23.32	33.2	43.48	45.45	43.08	48.61	49.17
0.4	23.32	40.71	46.2450592885	48.6166007905	47.0355731225	50.1976284585	50.02
0.5	23.32	45.05	48.2213438735	45.0592885375	49.8023715415	52.9644268775	50.67
0.6	23.32	49.44	54.9407114625	56.5217391304	50.16	60.4743083004	60.17
0.7	23.32	54.15	57.3122529644	59.2885375494	52.7549407115	62.4505928854	61.29
0.8	23.32	56.12	60.8695652174	56.5217391304	53.3201581028	63.2411067194	63.41
0.9	23.32	56.52	58.8932806324	59.2885375494	52.1818181818	64.0316205534	63.94
1	23.32	59.28	62.4505928854	60.4743083004	52.9249011858	67.5889328063	65.9

